71
91
116
128
87
167
107
185
85
89

95
68
142
120
116
69
61
143
106
50

96
146
121
106
136
68
64
84
77
137

114
108
145
130
193
136
126
51
106
112

151
93
141
61
120
55
76
39
89
99

99
248
48
154
77
121
37
140
98
44

117
116
69
73
164
112
92
111
144
137

206
211
96
103
190
201
103
86
101
38

115
93
80
87
106
169
163
103
116
79

27
109
38
54
47
161
74
161
206
177

142
72
74
131
96
139
77
58
16
122

122
86
87
144
106
37
89
81
120
196

154
56
117
110
205
111
56
54
163
133

137
122
156
97
107
133
124
146
48
112

77
55
67
120
145
130
107
93
111
65

81
143
147
95
93
58
89
81
68
50

131
175
125
135
123
58
157
78
132
218

132
105
66
135
62
144
113
43
167
163

78
59
101
149
61
104
58
43
109
18

34
101
161
31
50
50
101
108
65
111

158
47
66
97
182
80
97
101
73
129

49
47
79
87
103
140
119
92
152
48

62
38
129
144
73
223
120
48
169
139

122
48
134
45
17
85
110
184
152
67

56
90
74
126
153
61
122
139
84
207

33
112
112
73
49
44
60
94
107
104

25
37
143
99
73
86
166
61
99
39

131
141
47
80
41
118
26
96
134
55

146
106
78
93
89
52
86
95
61
146

123
115
163
50
69
97
85
74
147
140

40
115
216
191
85
106
76
56
81
144

132
86
87
136
56
60
110
137
73
102

90
115
74
115
91
116
208
30
111
72

78
132
102
55
98
166
142
55
72
70

114
172
25
72
140
41
61
138
87
73

44
44
62
60
43
80
163
95
56
119

102
114
45
29
126
54
80
142
140
40

33
117
65
175
106
105
169
78
138
51

89
67
74
140
129
121
122
141
35
127

95
103
170
23
38
106
20
118
88
94

35
98
131
74
148
84
94
154
122
91

92
90
211
141
116
150
69
89
22
116

146
68
80
208
119
43
87
84
70
67

114
116
174
182
151
125
76
116
166
38

142
130
71
58
194
122
90
28
112
177

87
130
125
81
117
69
86
94
129
133

139
173
103
75
39
74
103
86
148
66

31
71
114
107
54
68
146
103
70
111

50
42
119
108
142
75
146
157
205
53

28
68
71
67
98
61
144
160
78
121

82
130
79
141
94
132
151
106
161
71

136
98
63
58
77
147
78
57
85
70

122
72
73
66
75
137
84
95
75
122

59
159
134
64
31
35
173
131
78
109

81
155
109
138
161
81
182
158
93
53

121
17
67
110
179
104
242
74
3
120

86
110
87
144
40
72
96
63
179
184

46
88
116
84
163
108
149
161
105
64

86
76
128
159
149
140
83
64
202
20

165
119
132
110
102
134
115
60
68
60

77
117
167
26
182
47
72
129
60
64

128
103
56
81
126
129
71
134
123
109

67
82
124
63
144
71
119
116
161
189

49
92
34
114
31
163
64
111
54
155

25
79
55
74
159
117
136
101
121
86

112
48
37
146
137
89
84
44
57
148

74
96
120
77
71
184
123
57
41
108

78
86
88
130
36
136
132
99
101
79

76
73
46
205
135
167
235
87
85
143

132
161
87
66
152
99
90
95
52
72

108
41
119
83
164
86
214
166
97
179

146
68
60
123
19
94
74
106
151
145

129
119
135
110
94
67
138
246
78
134

114
32
125
141
108
104
45
103
47
127

109
142
114
160
140
87
83
71
177
156

83
105
116
259
62
78
166
156
105
48

74
102
146
123
62
90
80
147
99
44

130
62
140
87
202
90
66
101
95
116

92
117
25
33
102
63
48
115
136
48

39
93
74
69
76
130
158
137
174
235

58
122
111
164
75
120
112
101
52
124

115
135
135
107
78
92
152
121
106
181

59
52
234
153
171
193
173
87
77
25

148
106
123
88
56
92
194
195
170
88

34
126
110
72
84
139
85
79
71
164

94
141
148
131
101
118
107
137
65
46

89
39
90
160
178
100
58
179
111
136

107
132
26
169
82
73
70
70
37
38

78
80
111
87
94
183
74
150
99
144

110
140
97
84
106
168
90
8
69
178

139
78
173
123
68
127
127
63
26
91

60
112
50
72
180
95
136
106
213
140

94
131
29
51
60
89
91
114
139
94

85
80
81
151
36
131
120
127
109
117

130
61
76
185
53
155
71
29
113
77

186
81
114
177
66
54
45
100
37
259

64
165
97
129
45
167
87
141
103
147

83
111
194
92
134
131
79
119
130
109

93
102
69
109
78
61
126
75
53
105

103
125
44
149
157
34
77
78
168
135

