87
75
79
124
82
95
69
12
122
84

167
144
101
124
100
57
68
67
109
100

58
74
41
107
64
108
81
150
85
101

135
129
29
73
47
123
167
95
84
125

67
53
53
89
155
83
33
161
50
85

130
150
102
49
127
60
68
72
134
97

113
124
66
118
106
146
91
180
88
108

76
36
145
153
199
63
111
88
148
95

123
41
96
75
139
116
91
137
56
267

110
82
144
70
132
130
136
118
100
60

41
61
13
61
95
62
178
140
151
26

65
79
100
130
78
84
52
71
91
85

85
108
67
167
112
82
119
157
111
89

110
88
175
63
104
150
138
56
134
131

153
129
112
101
99
68
117
45
140
103

189
11
96
129
81
148
63
92
123
145

103
93
93
140
80
33
68
81
180
94

84
35
133
164
152
137
146
106
67
129

46
76
63
94
91
109
76
102
33
49

103
136
105
177
119
99
96
108
98
148

149
44
61
22
116
89
119
166
81
71

222
119
107
103
103
146
123
168
26
84

72
111
111
72
122
171
120
133
141
125

88
83
49
110
100
83
107
83
131
98

35
124
177
143
141
152
128
129
126
49

137
150
90
57
113
72
154
170
177
75

244
135
50
185
80
142
158
107
66
175

41
89
117
114
117
180
44
143
60
64

127
46
134
138
134
106
51
91
60
114

105
88
61
144
108
141
105
59
202
51

87
12
108
87
108
37
82
123
141
84

45
106
148
57
85
102
83
97
109
193

91
68
156
138
64
204
80
95
163
152

67
67
97
59
151
150
67
183
187
136

46
128
222
125
96
126
73
131
111
102

63
106
65
111
122
90
153
40
149
132

63
77
94
55
73
146
81
127
89
151

152
62
174
130
132
113
81
142
136
75

75
121
169
57
77
93
110
75
85
133

108
91
148
56
75
78
38
120
150
176

62
72
134
77
104
114
178
19
0
84

171
90
89
84
185
49
60
69
118
69

69
108
149
124
154
95
149
95
21
24

69
111
201
132
120
85
104
54
110
96

106
66
86
79
54
114
111
117
64
107

87
86
94
99
48
122
101
59
194
161

180
38
108
109
114
105
93
75
139
187

91
120
167
69
198
147
88
74
106
170

204
70
113
107
163
225
31
77
82
136

98
166
141
105
97
90
139
112
146
83

53
102
110
107
82
91
85
132
104
53

43
127
98
184
65
91
85
30
108
111

60
137
68
91
96
111
130
118
107
91

135
140
42
121
187
161
54
24
163
79

82
200
74
34
40
52
112
181
117
190

51
94
80
61
177
119
66
58
65
145

50
79
83
105
88
109
86
76
97
117

120
84
121
133
153
189
55
176
122
122

77
168
84
121
96
99
107
81
157
68

120
176
168
210
97
73
69
87
157
185

258
74
53
74
68
111
124
90
119
142

186
78
55
103
164
98
114
114
138
79

129
104
94
118
89
23
103
42
110
38

74
56
184
66
37
96
43
125
43
79

102
192
158
161
75
124
108
63
149
130

83
71
27
105
152
68
159
145
99
165

126
120
112
115
57
89
141
122
128
127

73
77
80
81
72
107
68
27
47
147

78
25
143
89
154
159
79
135
104
201

104
104
138
90
173
95
71
191
23
131

82
74
109
101
126
92
116
71
64
125

87
182
250
105
70
77
134
46
114
121

182
109
93
89
79
73
52
62
117
103

124
70
91
152
71
48
128
126
159
145

33
62
88
98
103
133
43
104
140
124

81
52
70
153
148
66
97
137
112
85

130
170
90
69
75
116
113
94
189
89

128
27
89
138
107
59
107
117
91
94

71
90
62
110
108
86
80
70
124
66

147
140
111
62
84
33
90
88
78
31

128
145
48
64
143
65
56
64
128
153

57
108
118
51
127
117
63
62
201
53

148
120
43
156
151
93
77
148
99
111

126
102
113
192
92
48
120
152
128
135

62
86
100
75
58
169
32
149
151
109

166
111
28
58
93
191
50
86
93
125

47
34
65
119
205
10
163
108
133
105

60
106
129
111
121
92
83
64
161
80

97
143
102
35
95
62
141
66
98
73

131
57
100
41
92
78
91
129
125
80

86
81
97
159
83
77
97
36
195
143

92
121
129
69
75
116
65
89
101
49

67
92
58
29
174
138
132
134
58
68

125
72
134
174
60
97
103
65
102
65

153
143
96
143
81
128
136
104
93
79

94
99
97
164
96
231
121
67
95
126

131
139
130
137
103
137
104
117
142
89

100
136
42
198
105
145
202
150
59
51

166
46
114
98
88
65
55
105
66
91

123
121
66
70
100
110
60
144
68
107

79
141
112
106
154
135
92
112
83
166

87
90
42
69
105
100
157
128
130
19

256
145
127
162
99
77
75
91
56
41

113
64
143
80
84
76
39
90
81
85

174
33
84
133
118
110
115
113
120
80

111
98
197
77
98
138
104
61
80
100

85
52
137
63
48
115
113
154
162
58

108
136
110
54
118
109
137
61
78
86

40
238
115
87
80
121
55
86
80
126

108
75
40
154
128
131
92
117
157
136

84
144
104
183
270
70
122
113
54
105

78
49
134
67
99
118
156
96
68
107

118
84
102
85
136
67
72
182
113
132

105
132
75
30
63
96
90
207
43
103

138
166
172
82
200
133
106
76
86
163

82
33
124
72
62
52
92
196
141
46

65
74
107
74
100
170
53
178
65
49

94
85
105
182
202
111
143
51
90
123

140
114
48
135
72
110
113
94
75
37

117
66
106
202
51
100
48
41
140
131

102
101
124
87
33
120
87
79
119
64

127
152
81
142
68
51
115
99
63
105

78
99
81
88
127
49
206
75
26
26

35
125
173
74
109
60
131
135
112
119

43
54
73
91
53
143
92
142
110
218

98
220
151
141
192
202
49
46
64
164

85
93
58
96
130
145
124
51
236
109

115
77
69
69
93
58
75
181
218
116

122
90
39
117
83
131
79
130
65
103

61
150
86
139
91
75
158
94
82
83

226
91
107
178
185
151
101
186
143
113

122
175
86
83
100
228
128
93
106
62

188
189
61
48
70
70
71
124
90
64

74
44
222
131
69
151
148
61
140
102

121
202
97
101
83
117
89
113
145
84

86
45
186
101
196
158
105
212
35
35

110
43
92
88
110
110
71
113
23
32

104
78
124
124
94
64
95
128
115
134

34
130
100
105
112
89
138
118
73
39

50
125
128
135
92
134
114
106
246
170

132
60
105
168
92
179
100
116
30
109

78
78
56
70
261
73
91
125
126
73

136
35
56
170
83
146
100
95
90
70

42
122
129
66
134
36
84
63
124
82

116
46
90
87
114
97
65
124
32
172

91
107
116
86
205
156
140
48
72
110

85
113
40
218
84
110
92
67
108
111

23
188
210
84
67
104
144
163
152
105

87
207
91
110
41
68
38
92
43
110

81
135
59
121
91
79
35
107
16
66

151
138
87
130
115
127
89
127
127
149

50
114
180
65
106
70
187
79
94
84

128
120
98
155
75
63
140
84
129
40

129
127
207
33
134
275
204
90
85
92

95
40
119
117
43
111
91
135
136
146

126
141
195
139
84
97
117
120
73
135

115
106
97
115
105
54
157
144
107
101

137
141
87
148
108
151
79
141
33
161

129
61
69
42
78
47
85
55
199
91

91
108
111
151
84
76
99
198
144
96

129
85
63
84
52
72
114
86
123
93

103
99
62
52
50
142
88
134
88
22

102
55
120
94
105
68
90
75
256
148

50
92
162
187
138
59
175
94
131
143

76
123
156
59
103
64
173
132
106
89

126
119
103
113
74
136
136
67
109
121

122
187
92
71
116
108
52
120
86
105

84
125
158
121
103
100
53
69
136
34

139
143
49
140
111
112
148
138
90
57

134
45
169
105
156
29
46
46
143
82

26
45
115
50
274
108
22
87
166
112

50
134
53
80
54
124
108
103
110
151

103
78
33
96
46
186
49
173
118
90

142
97
113
103
106
205
55
72
112
49

156
77
58
89
76
120
47
117
95
169

172
189
141
44
165
74
88
90
113
117

80
143
129
94
54
43
105
44
124
84

65
110
241
104
166
70
77
126
97
86

76
184
122
92
141
128
132
91
70
69

140
139
101
96
101
70
56
130
128
74

72
122
59
54
81
23
96
53
132
113

105
91
72
131
99
91
81
164
71
111

170
86
197
177
138
115
120
25
100
136

81
166
116
96
90
40
80
167
52
95

140
79
116
21
126
79
99
194
103
175

164
169
64
119
70
86
78
62
154
196

157
104
71
132
153
69
152
88
87
135

80
164
122
145
85
104
85
148
66
138

63
104
42
33
71
55
36
122
109
111

116
110
36
57
105
104
142
149
206
65

87
183
116
60
162
75
165
80
173
70

34
116
63
201
52
60
133
83
150
184

109
111
45
55
62
101
112
72
163
125

53
107
106
58
110
129
77
84
47
25

74
66
83
95
113
85
72
209
101
98

46
111
104
65
149
57
59
132
44
61

40
194
89
116
169
79
148
101
108
98

138
116
96
230
74
139
82
175
97
110

76
69
109
70
107
155
113
138
57
199

127
88
106
169
120
71
69
109
90
117

57
77
42
63
133
55
138
50
96
54

56
55
58
113
74
105
166
174
185
81

132
113
101
93
169
128
142
114
128
63

171
157
45
114
86
142
31
54
34
109

81
179
106
146
162
57
98
97
61
54

47
50
87
125
178
58
133
228
138
85

143
140
82
57
140
116
120
66
51
98

151
120
81
145
76
74
137
88
121
72

57
54
96
153
96
135
58
35
114
116

118
197
100
85
164
104
36
156
81
167

75
113
84
151
124
167
109
37
90
92

91
83
152
172
81
156
95
52
93
31

94
105
113
165
60
149
56
96
160
235

85
78
116
105
96
46
82
76
109
14

81
165
248
118
147
90
93
39
55
109

166
76
44
132
111
125
90
108
101
69

77
36
59
110
136
72
28
95
85
136

94
118
60
138
92
60
188
70
86
111

183
187
68
76
273
135
84
129
148
50

156
88
187
98
130
80
137
169
65
25

62
118
108
57
183
105
109
148
79
114

73
140
102
49
159
74
159
97
83
72

21
92
116
40
143
129
63
99
40
122

102
79
152
61
47
87
173
140
66
69

39
95
158
110
128
97
109
66
147
129

122
136
71
122
175
144
115
34
94
61

114
142
129
93
106
87
51
90
157
146

71
73
38
201
105
183
148
77
104
40

115
120
142
86
95
97
146
108
21
149

71
55
115
37
54
75
111
114
85
71

59
137
74
65
166
76
24
141
146
52

78
57
159
167
85
30
68
96
43
148

102
119
187
197
38
69
125
116
78
71

162
24
123
113
96
176
105
35
188
83

150
153
57
118
142
105
99
109
80
169

71
84
112
99
139
79
131
57
146
84

116
97
44
66
145
210
60
142
132
107

104
177
79
103
110
124
62
122
107
82

97
98
117
137
41
132
143
94
112
51

181
52
50
68
88
69
192
127
132
24

74
106
144
80
79
96
143
90
133
123

89
105
131
74
109
86
158
74
180
102

105
82
96
51
80
106
150
153
34
101

145
0
103
113
25
74
84
79
51
107

10
73
73
95
216
105
134
53
110
103

69
69
196
89
66
120
89
102
132
60

90
100
105
65
107
112
49
46
101
143

17
144
120
58
186
97
158
136
105
183

143
59
43
70
95
179
148
57
94
124

133
92
72
107
141
38
104
103
34
55

86
108
73
47
172
63
174
102
131
61

103
82
61
102
110
180
80
63
45
76

76
85
77
133
133
169
105
61
110
59

93
180
76
124
48
71
34
148
104
108

55
59
103
82
16
119
123
141
29
115

142
127
58
92
96
105
130
142
74
34

81
110
112
167
96
66
195
95
36
97

121
95
112
49
63
106
75
195
188
87

121
52
81
74
102
84
131
99
17
78

97
82
106
119
67
131
105
38
202
68

162
153
96
117
152
142
54
46
95
182

158
29
147
99
132
108
61
209
148
145

126
103
91
66
95
84
151
117
61
147

116
13
95
108
131
79
70
198
136
55

127
101
101
72
132
89
184
130
55
56

108
116
48
114
71
77
85
123
143
103

28
111
88
124
209
132
66
113
84
150

106
57
78
127
51
73
121
131
117
159

136
110
138
54
71
55
83
146
17
97

95
110
109
56
107
70
194
45
63
135

110
84
100
122
77
150
61
113
41
46

67
88
123
146
136
101
151
88
144
158

64
94
106
116
122
48
194
57
89
120

121
106
182
71
128
68
53
33
75
76

134
59
83
47
101
50
44
124
80
85

158
159
111
73
60
89
131
67
138
113

68
38
102
51
58
79
100
105
125
53

106
53
94
94
172
132
155
75
164
134

91
69
174
71
131
126
118
126
94
49

85
129
167
102
111
45
171
34
91
90

70
46
59
115
125
142
85
42
146
71

60
103
103
99
41
86
138
111
126
99

135
100
218
114
114
31
102
111
24
135

82
101
59
124
112
52
75
177
102
105

51
100
54
156
141
184
94
162
147
132

82
80
69
28
114
130
136
137
142
79

115
84
71
106
86
101
46
107
87
140

139
67
109
153
112
129
150
101
102
159

93
149
123
52
59
129
143
196
83
77

126
58
170
187
166
88
71
69
114
152

35
99
131
88
77
200
41
104
111
113

96
90
51
91
126
104
95
85
79
68

112
30
136
151
58
28
102
167
95
135

54
54
109
140
188
199
51
91
133
96

113
47
122
104
81
154
80
124
50
70

82
119
113
90
52
114
276
100
41
121

139
32
114
169
48
88
85
109
38
44

60
61
135
104
64
73
72
124
45
71

85
192
127
84
57
99
35
110
144
53

176
123
86
128
137
32
87
203
152
118

33
117
167
181
152
51
67
68
74
96

145
83
120
113
130
95
116
50
82
73

121
106
109
109
58
108
94
129
127
132

65
72
109
134
115
140
100
52
115
143

138
113
87
102
89
96
123
76
125
155

170
58
74
106
86
94
67
71
109
56

99
136
117
67
95
85
70
116
86
55

106
182
186
21
199
35
161
211
105
120

147
107
161
46
174
54
23
83
53
158

160
105
78
97
241
77
134
86
95
84

163
171
128
160
141
89
186
94
181
17

189
98
168
157
149
149
114
58
66
110

11
52
94
68
258
125
118
72
106
52

87
149
82
65
106
71
107
58
119
91

113
87
112
85
53
121
151
51
94
122

65
88
120
200
63
87
136
117
68
201

68
69
135
149
113
63
115
153
93
117

124
41
69
98
69
110
155
58
83
178

163
63
118
122
85
118
79
70
61
65

66
169
131
91
76
107
198
124
107
173

95
59
70
104
89
77
38
119
128
91

80
132
112
84
65
83
125
111
111
16

70
106
158
148
59
46
115
86
50
192

114
75
86
99
85
37
170
22
126
132

112
36
91
143
49
77
151
79
70
71

78
117
129
189
80
59
48
104
128
147

111
90
190
152
78
116
86
128
89
146

141
74
109
58
114
148
129
127
150
172

121
72
136
63
103
88
97
100
72
97

98
244
41
186
96
100
72
30
100
124

60
110
40
162
99
90
64
117
101
111

70
114
111
40
122
48
106
60
154
54

52
91
93
141
76
83
114
159
39
97

66
106
69
94
38
92
122
119
50
65

202
91
127
91
75
99
135
193
190
106

147
33
147
133
134
74
116
82
106
78

95
101
130
48
40
103
136
202
46
103

121
96
120
92
147
131
75
113
176
106

169
96
81
107
78
53
125
93
78
227

124
111
134
66
91
84
54
139
140
152

167
32
79
78
124
76
168
176
140
110

19
81
93
201
61
131
113
73
72
156

93
123
153
143
100
103
49
81
78
115

62
95
141
70
75
153
46
102
29
123

74
97
120
80
107
88
115
108
136
80

163
44
269
105
103
97
135
20
130
171

93
141
237
93
126
70
118
108
156
62

140
133
90
91
120
70
129
146
157
99

148
17
83
92
144
56
69
154
46
100

85
57
98
132
60
50
59
81
152
58

55
98
125
108
124
74
70
43
55
34

73
79
44
68
22
123
99
138
32
101

129
53
179
186
128
64
138
127
69
127

90
51
46
119
102
144
68
166
143
43

153
125
113
128
122
159
79
176
25
120

76
176
162
189
106
141
33
180
112
27

72
203
99
125
136
138
190
158
80
99

167
168
79
133
126
88
171
74
115
74

99
160
193
96
147
101
11
190
57
106

97
121
73
73
97
23
98
117
74
72

97
113
76
70
80
110
114
63
86
31

52
39
125
93
162
90
84
55
60
47

154
66
202
41
96
107
42
118
139
69

99
39
53
86
58
82
50
81
100
89

56
144
78
54
63
136
100
147
164
109

116
76
105
124
101
148
191
91
37
127

55
156
136
72
100
51
141
83
64
128

87
53
155
61
50
167
72
121
23
82

87
103
108
182
50
69
112
77
145
78

89
49
122
165
72
43
22
36
97
154

100
96
131
64
169
71
126
187
53
108

33
223
125
98
114
120
108
68
60
131

80
118
125
58
55
137
99
65
50
87

70
126
102
81
136
85
53
121
102
76

47
83
88
117
79
154
191
104
97
185

79
117
135
48
29
122
93
108
71
131

81
69
167
69
70
68
75
52
61
100

129
204
94
131
107
67
91
149
218
42

77
66
114
77
99
104
135
187
138
57

51
115
46
101
156
107
122
128
41
152

86
89
157
122
117
187
172
105
90
207

129
48
169
90
225
77
43
109
99
91

111
62
47
160
131
145
15
168
182
70

67
226
93
99
155
82
142
60
103
163

107
151
67
76
131
135
61
123
92
132

101
98
54
146
121
103
28
179
110
162

79
155
107
95
65
51
60
84
59
35

154
19
110
106
48
102
156
64
75
81

80
133
112
75
52
117
137
143
18
8

156
103
129
17
64
121
158
205
96
97

124
171
152
167
104
146
65
67
110
110

170
81
132
50
24
38
148
141
158
117

107
50
40
233
166
157
89
71
108
104

112
55
105
73
61
124
40
114
67
86

129
90
58
88
95
112
96
113
86
200

93
155
94
105
45
44
142
152
201
38

68
166
151
183
79
39
121
156
134
111

152
217
91
117
52
95
108
103
72
97

196
87
132
25
127
65
144
87
133
118

118
86
144
57
71
131
110
157
42
59

111
102
114
98
90
53
157
149
102
121

18
101
84
85
111
81
65
201
112
143

75
45
141
118
223
159
73
95
39
120

62
93
108
87
113
109
208
35
141
115

89
33
97
95
99
162
122
56
118
81

123
194
65
164
131
82
125
77
33
80

89
38
98
97
80
71
67
56
60
37

74
154
89
55
106
77
72
74
140
145

68
72
125
72
163
152
58
56
149
144

200
81
34
207
126
143
111
63
103
104

109
108
116
77
208
125
126
45
94
68

75
76
65
145
81
173
155
144
131
168

99
96
68
36
104
119
68
125
112
41

156
67
81
216
45
102
46
157
62
59

24
84
112
114
84
223
90
111
57
120

219
150
96
63
55
110
42
91
167
70

70
84
113
43
115
74
65
163
119
108

137
78
161
33
81
66
66
52
175
238

103
109
70
73
36
169
110
105
62
87

100
109
63
164
46
86
133
109
120
91

96
122
156
79
83
105
106
42
130
96

155
219
127
53
105
86
76
84
101
84

135
94
107
113
52
96
112
53
87
59

87
30
76
92
72
44
83
85
60
27

116
139
32
105
67
231
127
19
105
42

102
77
135
83
76
129
103
65
53
75

62
72
135
113
68
101
111
83
118
99

101
102
83
179
165
53
30
157
119
94

48
55
79
35
64
58
84
128
77
70

140
15
91
64
120
85
57
48
59
141

114
72
111
128
127
87
111
149
78
164

151
129
101
86
117
141
181
131
47
66

165
138
156
95
121
116
73
131
53
109

131
107
210
197
100
85
84
66
112
48

205
75
87
52
58
66
70
58
129
126

89
122
135
60
77
115
130
77
58
69

83
158
101
44
78
110
55
87
126
50

99
103
36
88
202
138
53
22
86
187

116
95
68
103
128
95
65
41
107
38

133
105
113
142
110
104
88
90
81
87

109
53
94
156
119
96
142
89
154
87

170
76
162
165
51
136
91
64
117
79

46
46
191
184
132
148
81
92
98
177

117
151
145
106
126
38
133
102
95
220

69
78
110
53
60
62
35
119
96
53

86
96
111
69
113
155
107
113
47
134

172
75
62
92
47
65
91
56
35
76

85
169
154
142
123
79
38
97
90
84

129
36
96
55
116
25
122
180
86
70

109
133
15
92
102
66
24
79
101
51

54
83
130
55
109
107
139
84
73
169

93
53
115
62
36
86
138
65
97
97

60
41
163
190
111
6
85
69
34
111

137
82
147
77
74
122
60
85
66
142

113
67
99
172
15
37
98
172
55
78

146
85
31
118
32
80
46
120
44
83

91
111
99
20
118
143
73
99
115
36

85
126
64
86
106
117
103
80
123
115

129
151
116
56
50
127
100
65
74
61

91
186
130
96
202
38
39
245
95
157

82
85
116
146
59
122
154
69
179
108

117
91
74
153
73
167
57
63
95
114

109
76
158
81
100
156
86
178
123
73

116
132
131
143
64
136
87
112
83
168

111
83
83
118
54
71
155
216
87
131

83
104
178
91
38
52
140
17
69
171

45
105
113
118
73
94
75
105
134
85

75
80
77
113
71
160
149
21
76
52

99
188
118
145
186
183
99
45
102
119

83
66
33
162
71
118
43
58
69
93

54
124
68
154
53
137
111
151
45
61

80
113
157
189
38
52
48
100
148
52

78
98
85
178
116
117
88
159
92
188

40
129
108
112
113
137
118
108
64
90

193
96
75
34
37
65
79
125
75
128

78
138
74
37
123
58
32
23
86
77

105
125
52
30
104
128
69
94
61
100

143
99
114
142
100
166
63
145
33
99

97
60
63
120
68
47
61
55
246
77

56
199
198
132
129
138
185
77
117
93

81
40
97
74
76
154
164
86
123
35

122
137
170
140
125
116
181
39
151
134

165
155
167
41
136
105
91
8
74
106

171
61
92
80
202
133
141
152
189
154

76
123
201
93
152
69
48
82
24
173

157
127
34
93
156
48
52
54
143
114

70
97
112
79
57
114
220
63
148
217

54
111
66
80
142
45
72
125
224
179

38
68
128
94
21
131
51
99
88
74

166
172
44
124
56
58
41
126
151
151

150
75
144
119
67
64
110
119
133
115

51
75
33
137
38
105
128
91
80
104

103
162
71
121
94
39
163
82
158
120

129
123
134
95
101
163
112
90
80
148

88
90
109
102
81
52
137
31
97
226

67
138
104
43
70
156
80
58
184
192

122
119
101
106
35
88
165
113
119
85

141
101
129
110
68
141
23
75
190
103

157
108
70
146
83
123
129
63
123
82

109
7
97
86
67
125
101
81
104
175

86
37
72
162
43
75
123
113
135
79

105
45
170
109
107
56
80
123
77
64

24
114
89
99
67
58
43
48
124
155

146
54
104
129
127
227
117
109
61
64

86
55
100
115
59
34
138
117
60
98

237
103
141
120
181
132
108
190
106
36

84
116
98
120
156
37
79
50
138
107

169
120
112
33
122
47
112
95
66
56

84
64
123
123
135
108
104
102
99
111

48
78
77
135
94
173
109
54
101
162

51
144
87
64
46
106
96
141
14
160

165
118
84
239
176
79
123
124
151
79

98
110
117
98
115
52
159
112
100
46

102
33
106
79
57
35
88
77
145
125

117
29
69
261
159
115
93
151
176
73

84
18
120
97
122
109
146
81
51
105

88
169
113
64
19
126
118
45
51
190

108
70
138
123
59
74
112
115
115
81

52
76
73
199
175
180
140
76
202
104

89
92
127
97
71
51
44
124
66
206

84
139
126
126
82
128
174
105
108
73

120
123
73
22
90
117
126
146
71
111

123
130
181
143
114
56
85
92
99
84

82
82
174
157
160
61
62
39
68
126

227
102
129
98
72
65
130
34
112
136

89
99
68
137
178
51
80
152
104
86

93
114
165
91
116
8
156
93
100
112

93
78
32
69
156
70
90
209
80
155

35
147
76
122
79
122
76
85
98
75

87
53
251
81
84
37
98
162
151
46

131
88
8
114
94
131
80
71
128
62

106
57
109
108
117
136
34
51
181
125

87
82
118
155
91
96
125
101
52
123

111
127
210
148
68
128
83
149
139
143

179
81
118
158
81
43
67
85
134
96

151
97
26
109
69
105
123
75
88
118

142
129
111
109
76
129
63
135
191
56

96
135
44
119
81
93
40
89
158
229

63
60
145
36
90
82
108
99
132
172

118
19
41
21
142
54
66
160
59
22

134
109
77
74
164
49
145
126
32
76

183
44
44
52
133
104
134
144
85
34

87
24
101
122
170
77
89
94
83
68

150
113
71
99
56
106
29
100
56
43

179
114
107
45
63
84
139
114
128
125

87
56
88
75
65
62
99
101
62
84

74
138
137
83
57
164
65
138
119
84

108
107
136
102
23
93
82
45
52
134

122
106
159
86
80
91
51
95
217
150

117
82
63
127
82
87
166
109
122
131

67
93
40
29
134
124
123
126
81
49

15
104
212
74
109
15
67
180
96
88

100
80
130
117
58
120
72
128
78
124

133
78
67
67
142
71
142
113
128
107

182
81
208
111
134
85
257
61
195
130

145
57
164
138
83
135
148
93
162
76

134
128
113
101
149
128
134
81
47
126

116
102
93
101
93
78
70
41
187
119

119
74
79
88
74
64
112
125
182
174

83
46
153
57
73
91
127
144
105
81

84
92
122
156
81
119
128
117
161
52

110
39
140
103
81
177
119
68
85
195

87
78
136
93
142
51
105
86
134
83

70
126
90
9
83
104
104
135
128
77

106
132
113
39
229
118
64
84
155
87

115
81
143
63
53
101
74
112
143
83

157
67
5
119
95
110
124
178
82
48

169
146
126
133
95
100
50
113
121
72

93
139
66
50
45
49
64
108
92
175

174
119
63
141
132
107
31
68
106
50

150
111
39
51
98
60
54
162
143
127

112
165
62
117
46
108
32
51
130
64

42
126
86
162
77
105
98
110
225
93

42
45
252
162
232
98
96
114
157
114

76
65
104
68
68
161
150
99
78
66

92
66
101
103
108
85
150
69
96
96

140
14
123
75
32
78
124
135
28
146

114
67
23
193
74
104
90
78
244
136

61
58
134
136
154
76
137
142
85
70

63
117
163
31
206
152
72
63
96
102

123
117
50
107
61
97
47
149
134
78

130
121
151
162
64
73
109
104
80
42

74
127
79
174
113
104
109
100
80
47

64
115
26
84
68
79
76
135
69
139

91
74
128
92
176
110
102
91
49
115

31
103
40
112
156
74
107
134
104
104

153
119
86
194
41
72
53
90
119
28

59
124
87
141
117
133
82
120
144
76

115
24
107
121
171
17
64
88
140
70

47
120
121
76
82
124
91
98
89
217

142
87
110
46
212
63
142
177
111
61

15
65
67
158
37
105
27
72
97
119

58
49
55
95
60
38
94
71
13
74

85
123
104
148
158
204
94
46
77
106

79
102
113
187
149
126
158
83
103
24

100
108
137
25
105
102
69
158
145
73

141
186
68
73
125
71
65
139
206
71

79
49
151
107
150
93
122
102
121
187

123
79
55
95
161
175
8
106
70
65

122
120
63
110
131
165
119
213
155
184

112
121
161
74
34
119
36
82
114
116

42
62
135
152
106
115
140
64
89
95

64
82
99
80
151
57
67
110
114
51

22
114
76
143
148
100
113
93
164
146

86
132
112
134
90
131
115
81
92
34

227
118
69
67
105
102
51
116
89
126

83
143
188
127
77
96
99
81
81
61

55
61
116
116
70
52
199
146
154
112

65
93
157
73
92
170
123
127
70
94

104
123
125
56
78
93
135
57
79
70

131
50
88
115
90
147
79
61
138
98

77
122
133
129
169
25
132
65
117
107

52
66
120
159
152
88
24
151
110
112

102
64
99
111
141
85
142
148
90
96

127
80
103
60
111
95
176
62
68
186

86
133
106
95
140
117
109
96
101
128

139
38
77
149
115
137
136
118
62
106

119
114
192
220
58
119
93
68
45
165

58
62
118
65
58
48
132
121
193
68

157
76
130
134
0
55
49
93
92
166

122
175
95
114
159
88
144
69
208
51

183
110
116
130
121
258
99
138
155
64

147
103
52
96
81
135
93
114
7
87

65
114
85
139
87
110
60
158
81
95

81
48
156
136
100
73
135
46
49
82

180
122
60
167
126
44
106
125
136
70

43
51
190
99
146
33
156
75
104
76

109
124
80
50
146
77
108
88
95
59

141
91
124
110
89
96
98
112
70
121

51
40
65
122
139
78
112
51
117
180

85
71
111
52
47
79
51
76
118
82

144
65
112
98
63
179
104
14
122
161

183
59
145
67
147
34
192
152
79
92

202
59
23
152
70
100
87
81
86
60

165
111
154
39
84
123
47
144
80
110

170
127
64
71
66
93
141
94
94
94

81
87
117
84
49
100
99
131
44
45

58
81
65
170
106
90
106
65
193
75

61
76
107
157
87
90
107
144
66
137

94
126
57
107
93
53
126
112
177
115

139
167
25
169
137
124
104
100
110
98

75
155
168
88
145
91
87
100
143
118

45
102
121
68
50
107
102
83
138
104

154
112
98
11
79
76
75
50
137
122

91
130
150
36
75
212
55
97
69
130

94
132
87
44
158
98
71
87
43
144

58
198
99
66
76
91
97
30
96
52

54
133
58
153
79
99
106
62
123
178

70
78
137
144
70
124
95
56
106
43

89
154
29
83
28
179
131
103
82
75

53
24
85
35
125
138
136
51
96
87

102
146
107
26
106
20
176
132
125
91

153
105
51
105
197
98
82
82
21
35

73
33
48
64
129
79
69
179
88
146

139
67
151
58
61
131
102
42
124
42

120
203
173
176
48
80
41
129
114
161

81
111
90
86
83
138
137
99
81
152

114
89
168
147
52
49
99
191
50
57

44
104
126
125
64
53
135
122
88
99

59
146
55
87
52
119
58
76
100
48

93
121
56
111
116
129
113
95
83
65

140
58
131
134
91
125
113
156
159
48

127
47
144
156
181
161
75
157
212
166

110
67
24
139
225
175
76
145
67
70

87
96
121
59
94
101
71
92
117
127

175
64
54
78
62
58
174
96
81
126

128
84
85
117
40
123
78
84
67
16

96
69
108
142
89
95
99
28
71
138

82
112
42
152
99
88
38
179
137
80

84
187
125
64
115
116
85
88
178
98

121
107
60
44
139
79
171
65
125
118

119
89
201
97
26
86
111
152
54
130

143
55
75
146
123
110
88
60
82
64

69
83
187
39
96
59
52
134
117
127

242
173
49
123
169
78
91
154
72
73

63
146
155
98
42
95
111
94
120
101

89
158
101
137
112
99
77
121
85
67

130
82
114
94
79
101
105
77
141
131

122
66
74
162
102
55
77
184
151
99

55
83
108
126
119
116
118
134
152
77

158
41
5
98
140
133
135
66
39
116

108
78
134
156
69
87
90
88
115
105

102
115
18
48
101
123
71
25
159
151

133
164
115
176
98
129
96
141
87
107

62
112
166
105
146
153
155
151
83
27

14
77
163
65
61
47
85
64
142
61

209
67
131
115
66
64
231
84
102
110

79
106
94
63
226
93
136
42
50
89

166
155
137
187
79
166
66
114
101
80

50
33
63
109
145
85
124
48
102
85

298
123
142
103
100
148
90
114
162
68

126
122
30
100
57
85
153
71
123
44

15
111
82
105
120
76
196
117
121
32

91
169
162
111
160
109
160
112
68
48

102
192
177
135
173
108
29
140
106
113

78
253
159
138
114
51
111
86
78
129

99
70
142
120
55
108
103
69
96
68

53
178
69
58
46
87
165
100
107
161

126
89
63
119
11
144
105
103
85
103

115
173
144
136
95
26
61
87
237
69

98
48
95
67
95
85
14
63
81
58

100
134
95
136
169
148
74
100
135
27

180
76
162
134
87
128
60
177
66
74

242
136
120
144
74
174
83
201
153
94

67
88
50
135
67
136
91
108
121
117

142
101
148
27
53
67
123
194
192
192

68
138
63
126
89
57
70
160
95
140

157
103
119
94
137
119
142
132
60
101

152
117
37
114
36
113
81
121
97
42

130
175
118
113
111
206
132
120
155
95

27
129
60
150
22
201
88
120
97
140

84
160
102
75
141
62
77
79
97
91

85
39
23
138
96
145
72
48
119
69

122
116
86
126
87
68
73
117
134
136

45
147
31
64
118
118
73
57
96
115

108
109
99
97
108
123
67
75
65
117

88
90
55
76
123
125
123
152
54
27

109
67
40
166
140
95
126
74
43
115

128
81
134
77
59
84
79
68
69
119

123
42
132
160
81
134
152
30
48
116

124
164
137
134
163
138
69
66
121
54

77
142
108
66
36
83
132
142
82
110

84
150
77
49
145
136
137
108
65
63

104
64
98
105
98
97
112
257
131
110

36
79
97
84
75
75
67
79
117
155

119
83
42
47
160
103
46
36
91
64

135
95
145
47
85
83
112
87
137
59

129
75
16
80
127
91
109
67
145
129

117
148
153
64
77
36
110
79
124
72

93
127
100
144
49
73
89
111
83
81

108
36
162
100
51
94
127
193
173
110

109
51
143
50
138
73
68
82
82
181

62
44
59
156
58
138
30
95
106
59

54
189
102
140
82
80
77
139
182
63

136
69
39
147
96
127
114
206
174
199

56
31
138
192
181
90
100
123
99
116

170
138
80
109
72
69
79
56
114
167

90
271
119
82
45
125
82
108
79
99

144
73
102
64
121
71
102
135
52
96

77
101
123
69
106
57
70
105
71
140

172
67
133
118
82
106
117
126
140
138

91
55
172
113
119
90
140
156
63
86

62
168
134
105
107
44
61
91
68
116

110
84
78
191
39
119
128
81
51
129

44
70
153
64
33
42
108
101
87
104

87
45
72
60
102
108
115
74
58
118

30
82
94
115
92
103
173
71
153
81

110
111
79
96
113
24
35
51
55
58

101
101
59
186
114
121
49
96
56
140

152
147
134
82
135
145
125
123
77
33

165
130
98
141
30
94
177
140
71
116

148
42
113
148
107
96
113
182
60
109

117
45
19
118
103
143
104
110
100
70

87
134
45
81
152
71
86
20
75
64

46
102
63
99
101
120
49
112
80
87

132
186
100
83
134
139
91
147
138
104

74
53
134
133
94
179
76
104
123
73

88
123
26
79
143
183
83
109
138
166

63
114
76
73
86
85
33
170
83
140

94
94
142
101
95
71
91
137
102
74

153
217
75
104
199
24
111
62
119
105

122
19
93
137
80
140
87
51
97
48

54
77
118
64
131
34
69
91
93
28

83
252
83
56
29
40
35
99
105
57

121
93
144
57
192
49
168
85
146
80

95
96
137
154
66
102
123
64
100
82

103
85
103
101
91
44
143
180
160
79

85
81
92
79
81
100
83
49
58
55

59
90
22
134
82
64
142
57
52
181

76
75
88
121
74
53
66
166
65
108

80
114
153
31
85
106
53
36
114
79

72
100
123
111
61
53
158
139
138
41

145
63
25
171
74
143
122
134
87
125

129
139
130
101
54
70
107
8
95
137

107
121
113
146
84
143
79
109
44
54

161
119
91
166
89
45
68
86
96
74

127
99
106
66
112
95
8
76
72
169

84
160
113
91
169
123
124
154
94
94

70
117
237
75
72
114
106
106
124
89

148
116
145
134
104
69
72
118
52
67

114
152
92
144
112
74
128
155
141
79

130
96
121
121
130
134
53
126
68
93

146
18
44
100
94
133
49
63
89
92

149
50
219
127
94
85
168
93
85
148

155
92
186
97
52
68
49
155
111
184

134
65
75
136
111
100
72
186
62
123

73
76
95
81
134
161
28
31
76
80

51
101
19
29
112
124
115
68
47
26

52
188
43
110
137
41
119
93
238
213

105
87
92
202
89
56
96
104
114
226

71
138
5
125
61
99
128
122
142
108

51
160
44
99
57
84
186
127
93
25

80
141
85
148
122
76
21
122
56
112

76
70
47
209
146
10
90
203
95
70

94
143
146
85
75
149
124
73
127
87

128
103
213
20
51
91
137
55
189
90

112
88
85
106
54
49
96
106
154
139

104
98
174
231
134
127
78
93
51
39

27
82
193
108
148
91
115
110
76
98

74
74
71
44
87
165
31
99
60
56

62
121
92
45
82
24
84
50
129
60

101
71
126
142
104
95
150
179
40
94

68
75
102
136
175
126
155
42
92
157

76
38
131
99
71
112
130
59
104
92

142
155
118
76
64
231
136
138
31
125

115
98
86
107
89
91
64
153
54
55

85
86
99
94
108
97
58
56
30
73

129
46
84
183
129
98
59
169
122
105

137
153
33
94
189
77
87
153
175
89

73
29
52
208
68
153
116
50
114
118

144
72
75
38
99
150
95
110
53
111

101
62
110
209
218
143
173
66
76
136

193
33
105
96
133
77
173
40
118
128

91
117
142
91
48
148
136
127
168
88

57
170
101
173
124
70
45
95
55
81

123
100
79
102
126
59
107
100
40
179

91
159
120
167
89
149
142
88
182
162

80
86
151
53
93
72
104
71
104
147

142
112
109
125
54
69
173
143
98
59

56
138
54
252
178
104
160
194
120
74

100
157
154
92
98
168
56
109
124
173

51
48
155
27
27
91
141
87
166
97

110
63
181
121
178
29
99
49
60
125

126
85
175
74
65
36
145
103
111
98

214
156
82
61
189
165
149
136
60
131

75
123
40
69
76
103
96
74
57
210

68
112
77
162
81
116
28
18
77
27

138
66
68
55
143
50
109
114
65
81

81
100
131
88
155
116
132
128
66
94

171
91
101
96
76
4
112
174
132
96

78
70
59
49
115
181
77
42
71
22

78
74
147
169
122
93
66
46
96
120

131
154
75
162
45
41
85
61
134
59

43
162
86
59
36
110
64
63
226
103

89
144
153
147
144
49
160
141
149
129

114
49
72
149
119
113
127
159
93
71

164
164
93
154
92
128
84
135
57
105

106
134
106
183
71
101
64
101
81
58

90
62
115
113
74
133
96
97
121
63

115
111
53
78
73
177
56
72
47
130

75
125
94
131
142
88
89
46
102
52

68
61
121
21
74
121
179
191
97
56

160
140
57
92
91
80
93
71
82
33

53
58
89
171
87
93
102
86
158
97

78
138
93
162
64
153
74
121
124
37

75
83
107
57
143
55
70
121
187
104

128
70
41
106
185
143
170
104
104
53

49
48
42
45
135
122
64
83
49
127

85
81
83
103
55
89
160
69
105
49

154
121
71
56
84
93
76
106
160
74

56
71
82
180
129
99
78
96
73
40

65
131
60
145
115
45
99
36
111
62

125
150
143
59
121
93
109
37
95
68

85
57
78
57
134
96
94
172
196
49

79
61
101
181
104
192
154
197
54
92

113
136
72
167
136
36
57
153
108
94

52
51
70
83
132
151
93
130
115
70

147
177
83
82
118
51
145
60
144
164

131
92
82
104
240
67
121
44
126
77

154
85
87
155
112
125
97
134
117
82

100
60
104
152
131
35
66
105
92
68

64
148
199
43
140
83
29
36
128
88

40
50
54
166
165
126
124
150
212
64

152
142
55
125
197
76
121
93
149
186

52
103
73
40
45
93
204
84
97
62

259
120
84
92
36
86
68
140
147
88

255
64
156
67
169
52
34
112
113
89

87
123
61
133
53
64
74
50
41
70

136
135
121
35
140
129
111
117
75
75

69
119
79
46
116
48
42
52
102
168

47
63
97
71
73
78
176
78
133
80

87
39
80
99
53
89
70
130
73
99

95
68
86
102
124
87
144
134
91
47

38
114
144
95
89
158
96
44
245
22

80
107
53
85
50
69
75
109
24
46

140
107
50
22
92
87
55
38
177
54

102
61
122
75
135
180
113
72
90
175

82
34
87
43
105
104
33
169
74
194

106
11
124
124
96
55
124
106
158
121

80
50
50
91
180
51
105
162
150
96

108
136
137
70
42
24
80
119
84
62

103
101
130
43
75
90
69
133
106
55

70
176
159
78
85
101
81
101
130
45

102
118
72
70
84
111
38
87
66
148

117
53
97
30
82
147
82
48
130
148

92
153
152
195
76
138
78
85
97
89

92
161
74
51
73
138
66
182
46
52

130
46
71
87
173
123
184
134
148
44

85
127
47
95
108
98
119
57
110
72

178
186
156
73
69
132
82
52
182
102

58
138
55
106
144
120
150
66
51
76

130
111
64
40
74
59
62
87
73
49

48
143
38
85
119
163
54
71
91
161

229
77
97
43
85
100
84
136
47
100

166
191
218
61
66
121
167
47
146
216

187
194
95
121
96
23
109
114
142
134

98
93
74
73
95
103
165
109
131
63

121
78
145
52
142
88
96
103
93
89

49
119
123
70
137
133
114
5
119
77

18
85
95
105
76
104
84
142
156
116

30
179
152
90
107
55
83
220
67
101

164
99
105
66
67
131
72
140
50
86

59
132
50
109
86
69
172
129
108
88

40
88
76
120
118
109
108
44
76
82

69
98
134
87
66
80
220
25
120
77

81
108
79
89
187
98
117
139
112
100

177
56
54
137
75
83
80
90
107
51

51
87
125
62
102
57
126
176
103
104

67
45
81
138
74
128
108
82
23
75

101
36
96
18
80
87
199
87
39
123

122
69
106
102
64
133
51
172
74
150

177
59
39
142
149
89
95
130
150
144

101
65
108
58
71
115
75
89
26
53

71
118
118
130
120
38
76
93
89
89

112
107
134
166
113
77
31
114
146
117

86
89
129
101
86
86
138
182
80
32

121
70
72
65
85
102
107
62
72
152

139
34
80
131
80
75
148
50
75
70

82
116
149
57
64
33
144
199
80
171

182
29
170
120
73
124
63
87
183
123

155
126
108
130
111
117
76
127
120
136

86
150
68
190
74
201
69
220
96
139

162
85
91
109
85
149
23
83
64
90

147
88
41
167
215
148
42
97
56
159

94
89
116
142
55
118
161
47
116
172

58
139
124
126
149
96
62
93
94
96

87
139
166
57
98
50
91
67
101
101

82
100
185
132
115
177
71
154
54
155

93
171
87
79
144
76
120
93
71
76

177
105
120
72
107
152
33
50
188
125

145
74
143
108
184
39
49
45
71
60

178
64
34
75
51
98
80
153
70
113

79
116
49
95
87
110
103
72
137
107

158
67
153
100
119
101
147
70
104
98

222
101
151
33
73
127
118
81
97
124

42
133
122
111
114
61
102
103
74
73

115
83
190
190
124
17
140
76
90
68

65
73
109
76
97
133
125
84
124
41

150
38
73
122
62
106
70
14
62
158

123
123
75
200
62
176
30
162
149
153

158
144
108
115
26
78
125
157
96
181

61
138
98
175
92
23
182
224
73
49

93
111
101
36
97
140
95
161
95
78

92
82
108
166
68
97
100
83
84
179

117
187
61
92
110
131
130
144
92
135

119
64
113
107
76
69
25
97
81
126

45
43
83
77
107
100
115
84
111
84

45
35
128
79
88
92
119
81
55
100

167
30
115
99
107
69
98
96
142
38

118
114
89
130
97
104
52
111
84
143

123
81
64
29
148
122
92
139
72
77

81
69
52
96
57
221
113
69
55
140

186
99
94
80
76
47
149
86
159
74

91
36
32
125
139
54
152
111
111
112

101
67
209
122
68
35
75
134
102
79

132
144
48
67
127
165
48
106
72
71

125
69
116
142
71
28
149
81
48
147

109
226
79
73
98
41
71
93
173
111

140
149
73
162
154
120
131
93
50
47

61
155
142
47
55
82
149
54
34
50

47
165
167
194
121
150
95
127
21
91

40
125
161
80
146
115
115
41
81
68

134
99
124
122
206
148
67
153
173
36

157
124
135
65
154
79
43
88
105
69

34
204
168
164
92
93
85
64
47
103

160
79
102
155
125
96
87
95
80
100

84
72
74
128
90
182
58
110
77
99

64
81
42
78
97
96
75
88
155
48

195
69
19
105
133
101
110
42
96
71

163
86
42
130
113
160
55
79
74
56

72
165
56
200
40
151
108
65
61
184

88
79
121
82
107
76
134
85
63
103

84
75
58
61
121
95
47
111
112
78

142
176
160
54
94
135
124
98
93
78

77
102
65
126
50
100
156
129
40
89

102
114
103
109
168
111
175
90
106
41

195
45
52
128
205
106
208
106
73
132

82
151
45
126
59
96
113
99
71
82

64
144
120
78
89
167
118
56
118
89

176
124
35
75
38
84
169
49
82
140

84
68
62
150
53
116
70
139
159
117

126
83
78
19
88
127
67
72
51
103

109
38
98
84
78
45
89
94
149
62

207
137
86
44
90
209
55
184
129
79

108
99
144
89
63
91
98
61
65
104

138
93
165
65
69
49
55
80
67
64

53
175
164
104
110
73
169
131
127
79

132
54
122
49
38
56
129
74
225
142

93
62
149
97
112
101
109
48
107
108

84
66
107
93
147
151
102
51
76
75

60
77
109
133
95
33
145
145
85
142

100
116
45
107
99
62
93
97
112
72

1
83
87
49
79
77
183
119
153
96

22
164
168
102
55
172
119
117
193
48

92
145
89
87
157
115
174
105
90
78

62
92
125
55
113
104
121
79
110
131

31
114
100
92
141
142
76
102
71
94

67
73
84
162
176
66
66
94
110
111

122
74
127
161
160
156
105
64
145
91

88
92
65
110
95
133
72
83
146
130

