51
48
122
78
70
149
138
65
36
138

66
101
126
173
85
121
57
61
119
150

60
112
133
112
64
39
113
73
56
54

28
24
86
101
81
32
56
95
76
141

48
49
98
128
64
75
98
133
107
61

120
45
94
77
31
107
134
110
25
37

112
117
91
121
38
223
95
31
90
109

101
49
46
159
66
110
40
81
98
108

125
130
144
71
108
68
195
100
51
116

35
151
113
74
63
63
81
160
30
81

80
158
49
65
72
118
48
94
79
184

47
54
109
97
105
101
156
74
103
59

142
52
110
116
57
205
67
74
136
31

45
121
98
177
96
75
120
21
97
153

157
160
109
102
147
161
113
117
69
127

47
145
201
86
41
158
126
40
70
196

70
27
135
156
111
63
79
101
153
70

108
109
187
106
43
80
198
49
73
12

28
100
50
52
126
82
20
73
64
40

23
97
91
122
41
129
95
174
126
93

129
65
77
80
67
107
90
78
134
50

129
101
65
94
55
48
136
121
89
50

138
66
87
135
86
104
121
99
79
219

44
113
67
189
95
136
2
154
109
108

150
97
93
118
117
161
208
33
73
56

109
153
33
39
162
65
107
79
151
4

145
94
95
124
56
70
75
122
48
107

101
103
155
65
66
144
55
206
45
130

177
89
103
106
113
54
137
128
66
85

111
123
102
90
72
94
158
38
181
117

33
143
147
87
115
29
52
103
94
64

99
103
171
156
67
70
78
37
93
145

114
113
39
58
107
77
168
57
168
90

81
119
119
89
72
107
124
152
64
62

99
58
78
147
3
84
114
152
115
116

32
72
86
123
100
70
79
221
163
73

32
79
116
98
23
191
121
112
217
85

76
98
29
172
115
81
84
28
75
50

130
111
87
62
74
139
119
81
62
148

81
149
115
107
66
94
126
195
140
66

118
119
71
116
147
39
21
146
113
109

121
141
38
59
33
118
89
41
142
96

84
18
53
153
32
76
149
124
95
128

61
109
71
130
127
41
79
84
99
102

114
91
154
167
93
158
152
116
115
190

68
56
100
95
102
53
39
151
48
111

56
129
91
44
131
101
159
99
74
85

51
47
44
60
72
88
105
60
76
25

146
139
153
112
80
56
100
90
91
67

76
116
128
58
122
96
71
54
61
116

57
93
88
162
122
143
84
54
68
31

45
20
109
96
92
96
87
53
160
114

55
59
83
90
140
52
93
142
87
112

84
107
75
64
143
103
151
148
41
56

180
82
112
69
101
142
173
72
63
53

47
134
97
28
178
139
63
150
118
50

78
134
80
109
124
74
144
32
56
116

187
149
126
74
93
100
128
124
149
157

26
81
98
135
76
141
157
74
103
110

101
75
67
64
62
165
99
145
62
56

109
132
110
187
168
51
48
67
104
85

62
121
139
105
90
70
88
152
100
103

95
82
20
109
21
92
112
55
50
81

157
112
75
63
74
123
67
94
38
131

100
132
69
120
135
137
46
31
137
20

74
134
85
101
146
153
182
106
107
107

143
41
91
104
81
132
40
157
31
117

67
49
56
79
81
119
105
105
186
132

56
99
54
65
56
67
39
138
80
63

96
82
108
100
78
104
119
139
113
156

19
53
143
38
129
148
30
117
63
38

157
71
80
63
133
93
42
83
72
69

92
38
82
157
30
113
116
109
77
98

106
107
128
108
105
113
66
86
141
130

62
135
91
113
78
88
77
190
194
87

150
113
112
46
120
121
162
101
128
148

112
78
98
136
69
52
59
62
66
83

121
38
124
37
71
114
112
80
135
21

45
98
148
178
35
104
168
51
36
98

69
72
188
131
76
60
71
132
24
100

180
90
109
156
100
97
106
28
79
165

87
126
18
113
85
110
113
117
58
63

68
122
61
40
163
95
86
33
87
140

102
105
78
65
92
73
75
68
72
118

101
118
100
104
64
109
128
200
34
23

66
119
26
38
49
36
58
117
113
69

127
126
76
68
87
102
42
44
151
105

184
17
90
56
64
146
75
124
126
22

122
98
81
55
108
108
62
94
92
174

57
81
133
171
87
170
105
100
118
95

83
95
99
111
89
109
44
128
89
130

73
146
44
113
8
183
74
165
70
63

120
170
134
107
84
208
155
125
61
16

74
92
88
64
145
56
105
62
67
129

59
52
135
98
136
113
85
16
112
106

117
103
92
125
109
88
74
130
69
96

43
114
114
96
85
72
39
52
113
19

118
114
136
145
23
115
65
54
74
229

152
155
126
79
142
140
162
83
147
138

109
118
111
85
128
183
117
112
108
79

