78
119
73
42
213
162
82
65
55
60

124
44
125
126
118
118
107
143
61
138

180
37
69
41
133
79
36
131
97
63

53
169
106
56
147
82
62
140
105
113

63
44
63
58
100
97
157
135
87
76

142
69
92
176
161
30
71
80
56
90

69
102
83
23
72
120
100
9
141
69

95
103
118
174
154
127
91
36
122
83

56
84
87
98
61
78
98
103
138
98

96
47
141
136
115
59
115
201
77
66

116
93
196
134
108
77
65
93
92
137

63
58
60
71
21
165
66
29
109
75

192
68
96
106
102
158
96
163
103
74

97
59
219
115
74
53
118
139
97
70

131
56
76
45
80
93
81
97
92
81

30
143
19
71
131
119
105
127
79
90

71
56
121
74
74
54
175
71
164
84

157
170
141
135
133
82
131
154
205
99

109
78
49
61
134
104
66
104
34
33

137
140
157
126
73
59
31
58
112
123

138
68
127
51
137
56
30
28
88
97

86
119
103
41
99
130
63
41
91
66

100
99
163
93
39
68
56
87
174
80

54
49
10
66
142
116
43
51
114
101

99
135
38
88
132
64
123
72
150
135

65
100
61
185
86
95
101
47
96
60

79
85
80
124
142
131
92
106
67
140

127
92
137
117
61
76
155
41
109
212

141
67
50
156
98
63
123
97
87
58

52
81
111
117
33
28
105
141
100
126

43
77
105
132
103
56
43
78
127
84

87
139
152
141
163
51
67
109
100
176

125
119
114
45
36
78
129
92
95
61

101
94
82
82
90
73
106
88
117
59

77
83
138
47
66
97
25
8
81
86

119
109
128
56
182
166
64
52
105
102

115
34
48
82
100
127
79
92
93
116

130
53
124
61
98
109
93
109
76
60

54
200
72
157
53
94
162
81
184
88

81
100
136
111
120
59
59
106
61
90

101
132
167
61
98
82
141
71
23
68

67
102
117
102
140
47
90
28
92
151

114
96
146
141
63
99
102
121
63
84

92
90
162
59
170
87
32
146
110
121

98
113
90
118
170
176
64
54
47
61

57
100
64
104
51
44
86
155
98
106

174
126
21
105
110
143
148
61
138
72

109
65
89
40
40
76
106
171
84
56

53
65
107
20
97
40
42
153
110
124

150
77
63
63
197
146
74
122
117
49

102
97
72
73
113
51
165
124
130
148

13
58
73
190
125
80
53
52
102
47

134
59
83
180
129
131
80
42
179
135

46
42
147
100
140
92
156
220
120
125

94
74
109
70
136
57
125
62
87
53

136
120
84
108
97
105
99
103
84
132

87
97
87
76
130
133
107
128
32
90

100
177
71
69
143
97
166
149
171
104

143
136
113
273
187
115
37
102
125
119

103
43
100
54
96
76
94
98
95
92

125
180
64
110
120
93
167
99
102
152

8
99
112
81
28
68
131
108
100
87

67
92
102
139
63
87
101
100
62
151

102
76
144
94
138
35
68
109
50
75

94
11
114
100
126
142
36
115
43
56

100
98
66
104
96
70
30
147
81
64

85
123
123
124
97
85
120
83
89
130

14
143
57
148
117
136
86
49
87
100

145
54
98
73
2
30
18
152
118
66

56
59
62
84
69
75
101
87
59
171

101
98
92
77
164
155
87
174
141
177

38
141
101
118
149
82
107
167
143
92

62
45
120
91
60
52
157
81
76
62

56
52
88
118
39
93
125
49
63
109

43
76
129
89
71
87
85
91
49
74

71
83
112
191
96
149
52
87
162
107

140
90
164
87
149
157
180
87
88
117

102
123
158
93
74
102
112
93
67
98

118
108
26
164
82
85
144
98
95
105

139
57
101
164
96
37
56
176
79
162

99
83
121
177
114
143
165
137
69
73

80
130
139
81
184
117
119
153
36
100

136
106
39
135
74
146
49
78
91
55

104
164
138
22
63
78
72
43
95
144

107
144
34
91
165
223
89
127
60
45

101
77
194
50
150
98
143
95
125
87

113
45
49
72
79
99
48
86
43
96

123
14
47
33
142
48
169
112
135
71

112
107
68
73
111
124
109
98
110
149

97
111
63
116
93
162
54
122
41
57

39
155
135
121
39
88
151
139
67
40

48
156
123
150
269
119
66
98
129
125

74
90
85
97
88
141
99
124
153
163

137
52
67
75
48
139
78
84
44
54

162
97
81
108
69
125
49
114
67
82

129
28
58
53
104
82
208
183
78
56

82
118
56
90
56
84
74
138
185
75

113
60
58
170
75
79
38
83
127
78

120
85
93
73
72
75
47
147
59
47

107
85
78
155
105
71
65
126
98
78

