118
114
145
61
100
44
78
186
123
156

134
56
25
148
11
135
93
55
12
47

117
75
53
79
143
75
143
30
33
65

28
35
183
96
91
83
59
169
146
154

113
139
80
83
43
55
68
97
51
64

77
70
59
148
74
120
66
118
101
205

128
71
120
105
173
106
218
158
92
59

105
88
63
73
97
124
154
31
114
86

105
102
77
88
47
93
109
28
57
38

21
85
170
44
71
206
139
42
117
56

118
54
92
55
201
24
68
114
194
82

32
67
75
80
82
65
115
84
94
138

121
62
151
72
128
100
136
78
97
50

32
100
62
67
75
78
59
55
68
94

67
59
109
41
60
72
130
86
89
93

77
110
63
182
150
218
75
63
78
47

82
57
100
48
89
141
93
76
29
50

21
165
95
37
54
96
142
79
84
93

71
64
90
80
87
9
150
68
162
98

40
53
85
88
105
70
142
50
64
74

199
121
93
143
68
60
37
118
73
98

73
57
91
49
177
66
56
135
187
94

96
110
113
51
84
99
77
105
122
61

103
98
70
95
80
105
160
194
86
80

182
119
83
124
74
128
144
158
61
97

101
115
114
167
91
59
46
104
60
83

67
75
85
44
143
73
163
60
137
118

134
150
102
83
79
102
99
18
67
153

114
117
54
140
130
68
142
177
116
70

109
65
114
105
157
90
90
78
120
117

62
114
91
108
114
88
104
121
123
110

105
135
215
109
56
119
163
62
82
134

104
94
54
79
86
111
93
58
80
143

107
118
117
105
62
89
51
74
93
83

60
112
180
111
104
82
151
43
80
136

66
140
113
65
116
53
146
52
51
63

40
111
207
61
75
28
67
89
63
87

92
23
188
51
91
119
65
119
82
80

114
110
53
156
97
108
63
67
79
100

92
129
54
112
67
67
72
106
87
110

100
138
128
143
74
48
129
107
96
48

198
91
71
96
154
91
125
84
64
118

70
46
75
77
167
152
146
145
79
135

84
163
71
52
96
16
60
190
75
55

108
145
56
62
84
79
96
98
123
44

55
91
52
99
111
173
45
161
101
74

171
89
98
120
83
43
122
121
43
64

56
154
102
122
114
209
81
165
88
125

32
58
31
38
145
98
141
107
79
185

47
114
73
75
154
128
95
75
142
34

61
122
73
126
81
79
109
162
90
92

113
78
51
136
82
50
81
46
37
44

93
81
117
84
99
208
112
78
55
164

146
263
86
159
120
100
38
74
136
24

89
85
104
115
187
141
79
105
94
105

38
66
57
57
71
120
125
111
125
86

122
118
46
70
82
124
110
146
89
67

15
164
72
72
57
116
72
72
40
109

121
134
59
128
98
114
182
92
129
103

80
120
61
115
65
75
96
76
70
96

243
87
32
28
47
77
123
112
58
156

47
94
123
122
151
61
92
69
52
123

83
52
53
148
80
35
113
145
108
105

45
47
178
124
84
100
119
79
89
138

68
4
179
107
127
84
48
111
114
104

65
65
158
87
74
82
44
77
23
126

100
160
40
109
111
69
146
170
82
115

93
44
183
173
124
101
76
45
65
130

120
141
152
134
157
54
101
124
45
156

86
72
77
60
33
108
73
117
107
95

116
62
99
101
49
135
111
127
77
167

94
69
91
51
92
81
149
122
87
80

60
82
85
57
135
48
111
93
90
55

148
105
95
135
139
67
158
101
126
182

162
146
94
176
87
104
82
74
107
156

70
28
109
92
48
112
103
130
98
85

144
81
111
64
41
109
89
75
57
174

148
132
172
102
41
85
76
88
61
181

84
72
54
95
105
103
131
66
97
135

79
101
128
48
95
87
46
83
146
52

45
91
65
35
82
104
33
24
115
53

71
64
130
57
93
93
149
124
93
116

65
79
88
81
88
45
55
89
173
79

88
173
119
94
151
38
94
64
92
182

81
113
81
89
88
69
141
95
105
174

101
134
44
56
42
165
157
104
64
130

141
190
92
127
64
55
129
30
209
113

149
109
63
71
123
33
140
97
93
63

35
89
62
74
63
132
98
56
135
29

43
23
79
156
24
67
37
128
71
103

109
79
135
150
113
138
55
118
64
118

120
112
40
136
123
101
126
26
76
73

154
33
73
69
85
111
129
153
205
119

63
57
74
81
52
74
80
150
33
144

79
81
106
54
63
182
67
143
84
81

165
57
226
169
124
36
85
147
50
75

79
70
57
61
152
120
129
115
184
22

145
123
52
98
82
184
127
170
64
86

127
109
82
71
75
111
67
107
85
191

58
58
45
172
137
18
191
75
109
93

