99
61
150
83
70
66
153
54
90
119

137
71
75
133
46
116
73
91
25
95

177
35
59
147
121
65
83
144
106
118

126
85
152
98
68
113
46
86
130
105

36
195
145
92
76
85
46
100
114
55

104
117
82
83
28
148
76
93
118
50

124
72
99
64
158
88
60
17
73
91

68
107
88
62
233
134
106
90
134
87

106
234
75
151
62
87
144
25
95
120

37
133
65
75
102
74
88
77
83
115

123
53
183
96
105
110
100
177
87
91

193
88
104
79
78
106
109
123
166
122

24
159
77
193
107
150
246
81
100
56

57
98
43
142
94
55
111
41
64
88

112
85
130
60
65
137
38
122
117
50

53
67
142
81
64
34
123
229
119
95

66
65
134
31
126
109
132
22
59
106

66
146
114
114
60
89
103
215
123
159

122
93
125
93
84
132
138
69
97
160

179
107
55
141
136
56
66
52
79
45

148
114
175
149
70
127
88
72
126
116

111
113
57
68
59
145
140
64
94
36

26
130
91
125
104
65
74
142
62
93

72
69
66
159
44
80
100
183
88
128

82
102
108
137
107
25
195
103
55
128

187
151
24
120
84
115
44
68
132
106

140
132
128
115
124
205
202
61
145
79

161
151
62
101
124
107
123
127
72
116

162
138
69
124
113
137
19
101
25
163

52
117
91
80
26
89
107
81
66
119

58
99
148
91
113
79
85
89
70
128

80
94
68
57
87
47
172
82
71
66

27
135
78
100
122
20
213
129
129
119

69
84
127
43
72
103
151
161
164
160

145
79
74
70
140
154
90
82
91
147

89
122
66
100
129
84
152
34
101
71

87
81
136
103
72
61
96
97
70
41

177
118
75
56
26
99
66
98
126
72

56
127
64
113
113
132
89
97
87
108

129
123
21
79
102
93
36
54
143
126

61
179
19
50
116
62
78
149
50
103

97
142
75
149
110
42
193
74
63
87

91
139
114
77
71
62
98
36
86
177

53
135
69
79
83
145
102
53
127
98

91
93
123
131
89
93
124
107
158
130

19
71
148
71
52
113
134
50
96
125

42
67
95
76
30
84
90
63
97
96

85
69
88
115
176
24
84
73
116
71

113
94
144
96
103
49
150
48
133
47

69
84
84
148
139
78
91
64
83
50

89
54
63
107
104
50
166
53
176
72

84
69
94
44
60
41
90
43
145
113

129
50
146
121
157
82
15
77
93
135

90
141
60
110
124
54
120
44
93
91

112
34
66
169
57
22
93
111
145
131

104
44
105
76
183
64
99
121
65
102

157
74
29
92
106
135
82
96
94
179

190
137
86
112
111
111
120
153
100
91

85
155
70
41
144
263
58
99
80
124

43
65
64
104
171
129
177
129
82
177

146
108
77
130
74
69
71
182
74
59

49
101
22
127
126
70
82
76
104
173

151
40
126
117
101
77
141
148
107
138

31
65
53
103
81
91
41
101
219
44

89
164
101
120
103
63
102
152
91
40

102
96
111
52
178
95
73
207
137
163

187
112
117
113
70
58
77
116
103
166

96
91
80
42
97
120
70
93
91
130

118
34
82
46
123
87
62
123
119
109

93
89
51
89
80
97
81
84
95
124

60
66
89
193
59
131
165
220
119
154

93
112
217
84
85
108
124
88
133
38

49
79
90
192
83
106
76
109
195
164

65
88
71
61
109
115
137
78
101
87

79
165
106
71
162
37
97
73
117
152

79
64
114
108
146
46
177
99
58
78

118
88
179
156
154
142
143
80
102
44

172
146
141
72
81
64
119
106
58
76

146
67
67
117
111
110
31
63
111
83

66
8
112
60
84
153
110
39
55
134

126
86
69
120
106
82
102
144
49
91

33
38
112
26
70
42
44
70
66
85

72
138
184
94
188
61
69
152
96
46

84
62
131
31
48
144
34
30
137
134

79
118
58
112
140
46
62
92
43
89

66
73
92
144
57
131
136
69
107
118

102
111
88
83
70
56
124
164
41
138

72
24
27
131
73
135
128
54
40
38

82
128
65
140
180
133
84
77
127
116

91
92
106
87
167
122
97
105
130
121

126
119
58
51
59
76
183
106
144
151

64
131
178
91
131
74
117
36
83
178

25
107
65
149
88
77
90
98
133
161

114
143
85
101
79
98
46
79
66
90

194
114
56
74
87
84
177
37
50
99

83
43
128
32
45
58
59
125
143
108

178
62
74
119
117
63
83
120
62
59

158
161
172
194
112
66
77
77
138
55

94
148
71
122
142
10
140
115
70
158

61
128
59
75
64
98
67
45
156
128

