193
63
103
100
38
116
48
85
30
89

101
188
65
69
149
87
69
78
103
143

83
99
8
134
46
137
83
10
159
59

115
176
137
56
87
36
51
41
80
66

106
173
177
62
115
79
93
124
54
120

157
65
94
145
137
87
122
34
55
191

188
160
72
23
83
54
64
124
131
96

119
87
123
168
147
18
88
108
104
58

118
46
123
121
87
203
70
65
46
79

145
103
201
87
101
49
166
120
63
143

57
115
73
63
69
49
79
75
62
32

116
103
68
94
47
63
65
70
107
92

52
70
197
38
110
144
123
113
79
114

125
66
67
77
128
69
34
185
86
52

152
89
41
43
105
100
45
196
162
133

64
97
72
206
110
151
143
66
165
182

34
142
65
60
50
108
170
114
96
69

200
157
66
67
128
57
154
151
113
50

181
66
68
136
41
71
74
101
90
77

71
71
109
192
54
81
107
142
152
76

60
106
90
94
105
67
136
58
147
102

177
161
103
60
53
97
102
125
174
212

137
60
161
76
55
78
101
153
47
110

125
76
22
93
72
98
98
122
170
57

101
160
176
62
107
172
127
47
110
77

153
58
81
56
123
156
113
70
33
119

115
147
131
104
128
76
83
55
199
79

140
110
53
152
123
93
121
69
23
120

87
96
43
93
68
87
60
105
128
155

68
119
141
65
93
6
194
81
117
133

88
92
96
32
101
90
152
50
98
154

91
116
129
117
101
138
72
66
63
118

70
41
72
115
104
42
81
115
60
126

34
144
20
88
100
65
119
87
104
136

258
167
62
68
36
46
125
84
44
119

26
100
95
133
133
131
130
147
72
99

102
53
71
27
135
82
115
93
154
139

104
128
113
137
65
54
83
159
130
112

122
47
158
115
65
67
83
101
86
225

194
62
114
91
84
131
91
57
109
64

82
108
110
62
160
154
127
53
83
130

106
75
84
78
70
135
63
98
29
72

170
109
153
136
84
104
103
105
173
92

115
109
173
124
36
145
144
88
122
126

55
131
60
26
52
83
94
76
96
48

105
163
134
106
57
97
106
67
126
111

123
124
20
93
107
95
181
89
137
62

58
65
93
151
123
30
85
99
99
40

107
22
129
97
201
74
109
169
59
120

115
66
114
104
167
56
117
172
67
28

166
71
58
120
54
131
116
86
33
98

100
106
154
78
54
80
117
93
141
57

77
82
139
107
75
39
184
85
54
71

52
180
32
57
104
69
86
130
2
79

108
120
47
127
64
79
155
61
161
136

64
102
135
48
71
31
76
23
190
81

141
151
116
42
107
31
42
40
70
59

59
97
78
67
169
165
69
20
110
118

127
112
51
93
90
58
114
85
115
51

61
97
128
63
65
98
113
85
173
153

155
111
99
144
80
58
90
80
46
126

59
91
54
108
12
62
51
183
30
63

49
162
71
142
56
160
156
133
103
82

131
67
98
102
124
78
119
81
88
165

74
109
115
52
60
89
129
137
110
57

70
71
121
13
122
64
115
29
79
137

89
143
131
129
139
91
107
63
105
105

49
60
95
113
83
68
119
49
54
47

67
76
123
101
98
36
208
48
130
80

101
87
119
91
77
60
108
82
56
45

176
69
74
140
68
80
39
83
134
173

53
167
160
110
59
38
95
133
115
53

37
142
154
68
43
60
145
170
82
60

131
64
131
88
128
126
88
108
86
135

63
130
129
126
116
97
73
59
170
164

132
53
150
58
114
185
114
157
140
34

76
120
54
69
101
166
70
158
99
153

125
209
105
103
75
84
135
58
90
95

73
96
101
131
178
68
72
104
80
109

67
68
89
70
126
133
159
84
197
117

112
117
73
135
44
102
109
91
116
68

73
114
40
53
74
95
137
110
101
99

159
215
92
48
52
131
100
187
34
34

43
118
157
165
139
31
92
108
103
41

121
105
134
63
161
44
96
112
73
90

77
129
71
71
92
195
189
107
134
145

107
116
87
77
180
87
64
115
81
146

188
95
92
125
102
32
142
165
89
110

97
127
109
84
178
79
21
83
58
103

96
176
154
94
109
100
115
72
102
73

140
93
128
165
182
72
103
51
112
166

23
58
106
105
100
144
131
135
72
142

176
84
70
147
130
57
161
138
92
57

70
77
149
137
123
55
209
99
113
130

39
78
129
143
89
50
103
112
147
104

104
72
141
182
84
87
85
188
197
72

121
99
104
78
88
59
119
48
110
85

97
88
174
118
77
115
145
171
139
92

88
155
161
41
64
111
63
108
94
99

118
120
127
72
48
74
45
79
69
73

